738
1 
4 
3 
387 
5 
860 
7 
614 
9 
644 
11 
604 
13 
606 
14 
43 
16 
34 
17 
81 
19 
391 
21 
203 
22 
775 
23 
663 
24 
90 
25 
855 
28 
120 
29 
41 
33 
38 
35 
358 
39 
135 
42 
284 
45 
216 
48 
779 
50 
103 
56 
87 
60 
233 
62 
576 
63 
178 
70 
275 
73 
743 
74 
112 
75 
239 
77 
145 
78 
196 
83 
222 
89 
446 
92 
514 
98 
347 
100 
349 
106 
746 
107 
212 
109 
480 
110 
139 
111 
423 
113 
287 
121 
201 
122 
141 
125 
127 
132 
176 
136 
166 
140 
308 
142 
328 
148 
777 
149 
532 
154 
261 
159 
193 
164 
311 
167 
208 
170 
320 
174 
704 
177 
247 
179 
364 
181 
254 
184 
755 
186 
299 
187 
241 
189 
724 
192 
565 
194 
467 
197 
654 
202 
272 
205 
374 
209 
228 
210 
406 
211 
905 
213 
332 
217 
429 
219 
741 
220 
551 
225 
836 
229 
301 
230 
497 
232 
313 
235 
352 
240 
420 
245 
380 
251 
296 
255 
924 
258 
472 
260 
767 
265 
516 
267 
457 
268 
435 
274 
400 
276 
804 
277 
361 
278 
450 
279 
500 
281 
439 
282 
303 
283 
732 
286 
396 
292 
648 
293 
555 
294 
378 
298 
477 
300 
827 
302 
334 
305 
356 
309 
536 
312 
520 
314 
342 
315 
506 
316 
621 
317 
488 
319 
491 
323 
549 
325 
441 
326 
687 
329 
504 
333 
462 
346 
592 
348 
611 
351 
560 
354 
539 
357 
792 
360 
369 
362 
790 
367 
997 
370 
669 
377 
594 
379 
821 
381 
848 
389 
412 
393 
922 
397 
950 
404 
530 
411 
588 
416 
888 
421 
541 
425 
802 
430 
694 
431 
712 
433 
626 
436 
453 
440 
574 
442 
646 
448 
771 
451 
485 
456 
970 
460 
784 
463 
727 
468 
557 
473 
508 
479 
629 
483 
672 
486 
690 
489 
641 
493 
826 
499 
723 
502 
623 
505 
559 
507 
531 
509 
561 
515 
550 
519 
725 
526 
939 
533 
728 
538 
570 
540 
610 
546 
627 
554 
650 
556 
923 
567 
596 
569 
645 
575 
584 
591 
964 
593 
756 
597 
738 
602 
680 
605 
867 
613 
682 
616 
971 
638 
706 
639 
647 
640 
652 
642 
863 
649 
655 
656 
678 
658 
667 
671 
776 
677 
820 
679 
819 
688 
907 
691 
787 
692 
702 
693 
747 
707 
745 
708 
886 
713 
742 
718 
719 
722 
978 
729 
812 
730 
736 
733 
772 
734 
852 
739 
778 
748 
906 
754 
926 
757 
791 
761 
998 
764 
803 
766 
831 
768 
780 
785 
908 
786 
839 
799 
823 
807 
830 
809 
921 
811 
843 
815 
925 
822 
951 
829 
878 
842 
954 
844 
913 
845 
851 
849 
859 
850 
899 
864 
865 
869 
887 
870 
975 
874 
875 
877 
890 
880 
889 
893 
986 
895 
944 
896 
936 
900 
962 
914 
959 
917 
976 
933 
989 
935 
938 
948 
987 
955 
994 
966 
983 
0 2 
118 119 
6 8 
481 482 
10 12 
156 157 
15 18 
243 244 
20 26 
581 582 
27 30 
343 344 
31 32 
151 152 
36 37 
138 143 
40 44 
168 169 
46 47 
675 676 
49 51 
816 817 
52 53 
466 469 
54 55 
615 617 
57 58 
384 385 
59 61 
200 204 
64 65 
144 146 
66 67 
256 257 
68 69 
297 304 
71 72 
861 862 
76 79 
99 101 
80 82 
171 172 
84 85 
345 350 
86 88 
147 150 
91 93 
401 402 
94 95 
285 288 
96 97 
973 974 
102 104 
337 338 
105 108 
947 949 
114 115 
474 475 
116 117 
324 327 
123 124 
129 130 
126 128 
236 237 
131 133 
564 566 
134 137 
982 984 
153 155 
231 234 
158 160 
484 487 
161 162 
438 443 
163 165 
818 824 
173 175 
198 199 
180 182 
413 414 
183 185 
805 806 
188 190 
382 383 
191 195 
259 262 
206 207 
238 242 
214 215 
681 683 
218 221 
246 248 
223 224 
857 858 
226 227 
407 408 
249 250 
716 717 
252 253 
335 336 
263 264 
635 636 
266 269 
735 737 
270 271 
409 410 
273 280 
415 417 
289 290 
496 498 
291 295 
310 318 
306 307 
510 511 
321 322 
740 744 
330 331 
394 395 
339 341 
459 461 
353 355 
390 392 
359 363 
813 814 
365 366 
543 544 
368 371 
386 388 
372 373 
759 760 
375 376 
701 703 
398 399 
428 432 
403 405 
956 957 
418 419 
494 495 
422 424 
660 661 
426 427 
884 885 
434 437 
595 598 
444 445 
762 763 
447 449 
553 558 
452 454 
512 513 
455 458 
873 876 
464 465 
470 471 
476 478 
517 518 
490 492 
534 535 
501 503 
894 897 
521 522 
624 625 
523 524 
568 571 
525 527 
579 580 
528 529 
668 670 
537 542 
633 634 
545 547 
879 881 
548 552 
749 750 
562 563 
958 960 
572 573 
840 841 
577 578 
637 643 
583 585 
586 587 
589 590 
628 630 
599 600 
980 981 
601 603 
912 915 
607 608 
662 664 
609 612 
697 698 
618 619 
651 653 
620 622 
665 666 
631 632 
684 685 
657 659 
751 752 
673 674 
714 715 
686 689 
834 835 
695 696 
720 721 
699 700 
705 709 
710 711 
902 903 
726 731 
800 801 
753 758 
993 995 
765 769 
825 828 
770 773 
891 892 
774 781 
846 847 
782 783 
795 796 
788 789 
871 872 
793 794 
832 833 
797 798 
927 928 
808 810 
990 991 
837 838 
929 930 
853 856 
967 968 
866 868 
904 909 
882 883 
916 918 
898 901 
919 920 
910 911 
932 934 
937 940 
977 979 
941 943 
952 953 
