500
1
3
4
5
7
9
11
362
14
16
17
19
21
22
23
24
25
28
29
33
34
35
38
39
41
42
43
45
48
50
56
60
62
63
70
73
74
75
77
78
81
83
87
89
90
92
98
100
103
575
107
109
110
111
349
113
120
121
122
125
127
132
135
136
139
140
141
142
145
148
149
154
159
164
166
167
170
174
176
177
178
179
181
184
186
187
874
192
193
194
196
197
201
202
203
205
208
209
210
211
212
213
216
217
219
220
222
225
228
229
230
232
233
235
239
240
241
245
247
251
254
255
258
260
261
265
267
268
272
274
275
276
277
278
279
281
282
283
429
286
287
292
293
294
296
298
299
300
301
302
303
305
308
309
311
312
313
314
315
316
317
319
320
323
325
326
328
329
332
333
334
340
342
346
347
348
112
351
352
778
356
357
358
360
361
13
364
367
369
370
374
391
378
379
380
381
387
389
377
393
396
397
400
404
406
411
864
416
420
421
423
425
284
430
431
964
435
436
439
440
441
442
446
448
450
451
453
456
457
460
462
463
467
468
472
473
477
479
480
483
485
486
488
489
491
493
497
499
500
502
565
354
412
433
944
831
863
694
691
986
819
189
640
827
998
718
951
724
504
505
506
507
508
509
514
515
516
519
520
526
530
531
532
533
536
538
539
540
541
546
549
550
551
554
555
556
557
559
560
728
567
569
570
574
106
576
584
588
591
592
593
594
596
597
602
604
605
606
610
611
613
614
616
621
623
626
627
629
638
639
641
642
644
645
646
647
648
649
650
652
654
655
656
658
663
667
669
671
672
677
678
679
680
682
923
688
690
692
693
702
704
706
707
708
712
713
719
722
723
725
727
561
729
730
732
733
734
736
738
739
741
742
743
745
746
747
748
754
755
756
757
761
764
766
767
768
771
772
775
776
777
779
780
784
785
786
787
790
791
792
799
802
803
804
807
809
811
812
815
820
821
822
823
826
829
830
836
839
842
843
844
845
848
849
850
851
852
854
855
859
860
865
867
869
870
875
877
878
880
886
887
888
889
890
893
895
896
899
900
905
906
907
908
913
914
917
921
922
687
924
925
926
931
933
935
936
938
939
942
948
950
954
955
959
962
963
966
969
970
971
972
975
976
978
983
987
989
992
994
997
